P = [   2    4    8   10   16];

k = 0.35; KN = 2.22; KT = 5.3;

g = [0.22 0.29 0.10 0.04 0.11];
w = [0.00 0.00 0.00 0.00 0.00];